19 Mar 2024	15600	73	1	2
19 Mar 2024	15600	73	1	2
19 Mar 2024	579480	117	5	46
20 Mar 2024	15600	73	1	2
20 Mar 2024	15600	73	1	2
20 Mar 2024	15600	73	1	2
20 Mar 2024	15600	73	1	2
20 Mar 2024	15600	73	1	2
20 Mar 2024	15600	73	1	2
20 Mar 2024	15600	73	1	2
20 Mar 2024	15600	73	1	2
20 Mar 2024	15600	73	1	2
20 Mar 2024	15600	73	1	2
20 Mar 2024	0	2	0	0
20 Mar 2024	15600	73	1	2
20 Mar 2024	15600	73	1	2
20 Mar 2024	0	1	0	0
20 Mar 2024	15600	73	1	2
20 Mar 2024	0	2	0	0
20 Mar 2024	15600	73	1	2
20 Mar 2024	15600	73	1	2
20 Mar 2024	15600	73	1	2
20 Mar 2024	15600	73	1	2
20 Mar 2024	15600	73	1	2
20 Mar 2024	15600	73	1	2
